30
11
21 34 46 56 16 32 25 30 37 46 46 
2
5 41 
5
49 3 13 43 10 
4
51 35 34 13 
19
27 3 16 17 46 58 53 19 9 23 1 54 20 52 47 7 33 13 53 
5
20 7 49 30 1 
13
26 38 44 24 53 38 3 41 3 44 14 39 29 
14
30 18 32 30 52 60 3 5 24 36 7 37 48 50 
17
55 14 55 56 56 21 8 4 16 31 60 46 59 31 45 12 59 
16
57 55 54 4 38 1 49 22 19 16 17 45 43 51 56 21 
18
2 1 37 56 4 32 54 50 40 56 5 9 43 25 55 30 55 13 
11
12 40 21 45 48 10 57 30 32 29 54 
1
35 
2
40 5 
3
16 49 58 
7
15 42 41 6 16 51 47 
14
42 47 9 55 55 2 2 56 31 32 10 52 4 27 
19
58 48 12 12 22 57 11 18 45 40 50 43 3 30 41 18 6 13 12 
11
43 30 22 46 60 35 51 27 12 23 17 
3
41 28 4 
12
39 45 22 4 59 37 39 8 3 10 28 25 
20
22 27 53 13 56 49 58 41 34 43 4 27 56 25 9 32 23 34 29 18 
1
2 
17
43 11 22 16 31 46 45 44 8 13 39 2 45 35 54 57 28 
13
21 31 11 41 50 27 59 5 14 58 56 25 38 
10
50 56 27 57 3 59 22 51 43 51 
19
52 23 11 36 53 52 51 25 27 26 14 43 54 43 46 47 21 28 13 
5
28 60 33 25 40 
16
22 15 15 48 6 16 2 39 15 53 4 52 36 36 47 48 
10
1 51 57 33 50 56 45 26 36 59 
