100
4
9 44 60 26 
1
9 
5
19 8 2 53 9 
4
51 54 33 49 
1
15 
8
39 46 11 57 54 18 15 28 
5
17 51 21 52 43 
2
49 51 
7
7 58 60 59 58 47 50 
4
11 30 28 25 
5
6 11 8 3 4 
1
17 
3
37 26 6 
1
9 
4
43 57 38 33 
8
28 32 54 17 10 35 60 20 
8
27 36 1 33 38 8 27 41 
4
35 56 52 52 
1
48 
1
40 
2
49 17 
2
44 36 
1
38 
1
18 
8
44 29 8 11 5 60 35 42 
7
1 15 14 27 2 5 19 
6
52 11 33 6 59 41 
3
35 17 8 
4
1 25 15 44 
2
14 54 
6
13 20 31 3 12 37 
4
39 38 20 49 
3
4 51 55 
5
41 36 59 15 44 
2
26 44 
7
33 19 16 46 5 5 51 
8
27 45 28 56 1 6 25 12 
6
48 15 36 42 23 8 
1
14 
7
52 19 40 27 41 12 46 
8
50 42 44 32 5 3 16 24 
2
8 21 
2
12 6 
5
26 33 35 41 41 
3
54 55 27 
8
34 45 37 38 22 24 19 3 
4
50 60 2 57 
7
51 57 44 4 8 41 5 
5
14 31 5 46 13 
6
32 31 2 5 16 38 
6
37 53 44 40 44 33 
3
37 22 53 
3
10 36 23 
1
17 
7
41 22 49 46 59 53 35 
2
24 28 
2
39 57 
8
15 42 35 46 25 60 16 2 
5
9 20 22 36 42 
2
52 52 
6
5 40 55 55 25 30 
8
48 49 42 18 46 25 32 27 
3
10 51 58 
1
44 
6
25 4 23 1 37 60 
8
29 10 49 60 4 43 24 25 
3
11 14 32 
8
51 56 52 9 54 1 51 44 
1
35 
5
42 38 60 42 6 
3
25 34 60 
1
34 
8
40 57 12 30 60 17 53 19 
7
48 10 15 33 2 6 8 
3
32 45 52 
5
44 25 6 34 49 
8
34 46 5 21 17 53 32 46 
4
49 38 11 47 
5
12 54 49 14 51 
5
24 22 33 7 22 
8
31 27 41 11 58 6 56 54 
2
12 47 
6
49 30 30 26 32 16 
6
44 9 23 49 59 11 
8
20 35 10 33 42 40 52 14 
2
41 20 
6
35 37 49 21 18 38 
6
47 55 14 3 37 57 
3
51 45 2 
5
40 13 27 49 38 
8
28 29 21 17 1 32 54 35 
5
43 47 18 12 29 
5
6 42 59 34 30 
5
24 6 46 16 45 
3
34 33 28 
1
60 
8
54 8 48 25 2 23 25 36 
1
35 
3
29 31 44 
6
21 10 39 13 25 44 
