9 26 44 60 
9 
2 8 9 19 53 
33 49 51 54 
15 
11 15 18 28 39 46 54 57 
17 21 43 51 52 
49 51 
7 47 50 58 58 59 60 
11 25 28 30 
3 4 6 8 11 
17 
6 26 37 
9 
33 38 43 57 
10 17 20 28 32 35 54 60 
1 8 27 27 33 36 38 41 
35 52 52 56 
48 
40 
17 49 
36 44 
38 
18 
5 8 11 29 35 42 44 60 
1 2 5 14 15 19 27 
6 11 33 41 52 59 
8 17 35 
1 15 25 44 
14 54 
3 12 13 20 31 37 
20 38 39 49 
4 51 55 
15 36 41 44 59 
26 44 
5 5 16 19 33 46 51 
1 6 12 25 27 28 45 56 
8 15 23 36 42 48 
14 
12 19 27 40 41 46 52 
3 5 16 24 32 42 44 50 
8 21 
6 12 
26 33 35 41 41 
27 54 55 
3 19 22 24 34 37 38 45 
2 50 57 60 
4 5 8 41 44 51 57 
5 13 14 31 46 
2 5 16 31 32 38 
33 37 40 44 44 53 
22 37 53 
10 23 36 
17 
22 35 41 46 49 53 59 
24 28 
39 57 
2 15 16 25 35 42 46 60 
9 20 22 36 42 
52 52 
5 25 30 40 55 55 
18 25 27 32 42 46 48 49 
10 51 58 
44 
1 4 23 25 37 60 
4 10 24 25 29 43 49 60 
11 14 32 
1 9 44 51 51 52 54 56 
35 
6 38 42 42 60 
25 34 60 
34 
12 17 19 30 40 53 57 60 
2 6 8 10 15 33 48 
32 45 52 
6 25 34 44 49 
5 17 21 32 34 46 46 53 
11 38 47 49 
12 14 49 51 54 
7 22 22 24 33 
6 11 27 31 41 54 56 58 
12 47 
16 26 30 30 32 49 
9 11 23 44 49 59 
10 14 20 33 35 40 42 52 
20 41 
18 21 35 37 38 49 
3 14 37 47 55 57 
2 45 51 
13 27 38 40 49 
1 17 21 28 29 32 35 54 
12 18 29 43 47 
6 30 34 42 59 
6 16 24 45 46 
28 33 34 
60 
2 8 23 25 25 36 48 54 
35 
29 31 44 
10 13 21 25 39 44 
