18 
3 4 13 14 22 29 46 60 
2 36 42 46 48 54 
36 
23 35 37 40 43 44 54 56 
58 
2 5 17 27 39 39 42 44 
42 
34 
6 
48 52 56 
22 37 55 
11 17 18 43 45 49 50 58 
44 59 
11 15 29 
4 21 37 39 42 47 52 52 
26 
19 35 37 40 45 59 
13 27 55 
8 44 46 
6 22 33 
2 12 15 18 18 27 32 46 
44 
7 33 54 59 
17 27 39 58 
18 26 44 
3 4 29 
4 17 35 53 
2 
21 21 40 56 57 59 59 
29 33 38 38 56 
6 12 22 26 43 56 
26 34 45 50 52 
5 7 30 47 48 
2 3 8 16 47 50 60 
3 14 44 57 
9 
11 
11 19 24 28 36 48 
2 5 16 51 53 
39 40 43 49 53 60 60 
9 31 48 49 56 60 
11 11 17 21 27 39 49 58 
1 15 22 29 33 43 59 
5 13 14 35 42 48 
12 30 36 38 58 60 
1 12 19 30 31 38 49 
19 24 52 
23 24 40 49 51 53 58 
9 19 21 30 36 40 54 
8 19 25 
28 41 56 
50 
5 5 15 19 33 40 42 
3 14 20 22 33 45 49 57 
51 
2 
9 19 29 46 56 
1 
54 
4 8 8 9 12 33 35 59 
3 9 22 54 60 
43 
3 43 
24 28 54 
5 14 15 23 35 
9 10 14 46 50 57 57 
5 6 11 18 
3 5 19 21 22 28 47 
5 15 28 28 44 44 
34 
3 11 17 27 39 39 
3 9 14 19 25 36 58 
8 19 38 40 57 
35 
20 31 35 39 51 54 58 
1 11 14 27 41 46 57 58 
6 52 
6 27 
4 19 25 45 46 57 58 
32 50 
17 28 30 39 
26 30 
4 29 31 48 
5 12 
1 23 26 36 38 38 60 
21 35 55 
2 4 14 41 58 
2 17 34 35 55 59 
12 
6 9 54 
1 11 23 31 43 51 60 60 
23 25 31 34 34 37 
9 15 15 41 54 57 58 59 
5 9 18 26 
29 48 
2 9 10 20 34 39 48 50 
4 12 29 32 41 
6 14 31 32 34 
20 28 38 42 
