16 34 38 56 
3 13 18 35 45 46 
2 20 27 30 53 58 
1 2 24 40 46 48 
21 
5 7 34 39 
29 32 46 47 
22 34 39 43 57 60 
4 6 10 21 44 45 46 59 
6 18 23 41 46 
3 11 17 24 56 
34 41 56 
7 55 
10 31 37 41 42 47 50 52 
7 
5 9 34 42 
12 18 20 25 28 38 
43 57 
8 13 25 25 38 50 53 
14 15 16 17 22 23 29 41 
2 5 5 9 19 32 56 
25 25 45 59 
2 15 28 31 52 
1 6 19 31 40 46 51 
1 5 8 15 33 33 34 47 
5 38 
6 30 42 52 54 
12 43 44 55 
14 46 
5 8 29 47 51 58 59 
15 30 
11 20 23 26 26 48 52 
3 17 25 53 
8 27 37 40 57 60 
30 45 56 
17 17 24 31 
3 10 18 27 39 54 56 
38 
6 22 26 32 37 
32 
3 5 12 22 
11 15 27 43 45 49 52 59 
21 54 
14 
11 27 27 32 50 
44 
57 
20 22 24 52 54 
17 
3 14 19 24 37 38 42 51 
3 5 11 12 38 59 
12 32 36 56 
16 32 55 60 
17 35 40 43 48 
9 12 39 53 
22 
5 9 10 18 21 23 47 
26 34 37 
40 
12 15 27 28 41 58 
16 33 46 49 60 
19 22 25 54 55 
8 11 12 34 57 59 
36 44 
15 53 
13 23 25 33 33 40 
15 20 33 33 33 38 53 54 
28 32 
16 27 31 
4 13 19 26 37 53 
30 52 
13 14 35 41 53 59 
14 19 32 41 43 45 55 
60 
5 7 15 
1 24 28 32 40 58 59 60 
3 22 24 43 55 59 
11 17 45 
11 16 59 
1 10 53 
24 35 57 
4 6 11 11 12 23 56 
13 
31 48 49 
14 17 25 37 55 
6 16 32 42 
15 17 25 30 31 41 42 
18 27 30 39 42 51 
9 17 21 27 49 57 
6 8 38 43 57 
11 19 22 28 38 
40 
4 16 18 24 42 45 45 58 
5 16 19 24 29 33 39 42 
39 
49 
11 26 28 50 53 
2 7 16 41 44 
10 31 33 36 37 48 51 59 
7 18 21 52 
