11 21 39 48 56 
4 17 26 28 32 40 53 58 
3 22 38 59 
29 29 31 46 56 
13 25 44 52 56 
6 8 12 19 39 41 46 
10 32 36 41 52 53 58 
13 22 
4 6 7 19 35 54 56 
3 31 54 
1 15 25 33 39 
13 18 25 36 43 45 60 
15 20 
5 24 25 
11 16 19 24 32 33 54 
2 25 35 49 57 
4 7 13 31 39 40 52 56 
36 47 52 55 
13 19 51 
8 29 30 37 40 58 
4 4 38 44 53 
48 
7 9 10 22 31 38 44 57 
8 43 46 54 55 
10 22 30 31 35 43 51 58 
4 26 
1 11 13 18 56 
17 23 32 41 48 49 52 
3 16 20 23 24 27 30 
6 19 45 58 
23 
31 48 57 
19 
2 11 51 57 
26 
21 21 33 42 43 51 57 
20 35 43 
16 38 40 
11 47 55 
3 5 6 26 43 
12 24 25 32 46 55 57 59 
10 53 
1 7 8 21 36 37 46 50 
15 39 53 
2 14 55 57 
10 11 16 37 40 46 52 
9 55 56 57 
4 5 9 16 23 31 45 55 
20 
4 5 35 36 49 51 51 
20 
12 27 
15 22 23 30 
4 5 10 18 21 48 
2 4 18 30 
8 11 17 26 42 
3 14 30 42 44 49 
49 
10 11 16 59 
15 15 19 29 
10 
13 34 46 54 
3 11 19 46 48 54 59 
12 41 56 
1 
3 7 11 30 35 52 59 
9 32 54 59 
58 
10 28 44 46 58 
4 32 36 39 43 57 
4 
1 3 10 19 21 35 41 
29 33 54 
7 9 12 28 36 52 57 
5 20 38 57 
10 18 21 23 27 34 41 53 
3 21 23 31 55 
19 34 43 46 
1 5 13 17 21 22 24 34 
11 28 29 30 32 55 
10 13 15 22 25 
44 
31 
11 36 49 
4 10 17 49 
7 10 16 25 
21 26 34 41 48 55 
10 18 46 53 56 59 
8 27 29 52 56 
4 7 52 
3 7 17 18 60 
18 
30 
17 30 
12 15 16 21 52 54 
22 
5 23 42 46 48 60 
30 30 46 
41 44 46 48 
7 10 14 26 29 33 35 38 
